9.6370342E+05
9.1808432E+05
8.7535261E+05
8.3417339E+05
7.9516336E+05
7.5824679E+05
7.2249709E+05
6.8881798E+05
6.5639873E+05
6.2594554E+05
5.9646804E+05
5.6859826E+05
5.4203057E+05
5.1654182E+05
4.9236414E+05
4.6928166E+05
4.4729730E+05
4.2639986E+05
4.0643418E+05
3.8740637E+05
3.6930973E+05
3.5202779E+05
3.3556367E+05
3.1982736E+05
3.0482564E+05
2.9055478E+05
2.7700290E+05
2.6398341E+05
2.5167275E+05
2.3985507E+05
2.2863327E+05
2.1791608E+05
2.0774059E+05
1.9799809E+05
1.8872586E+05
1.7989130E+05
1.7146705E+05
1.6345141E+05
1.5579892E+05
1.4851041E+05
1.4154978E+05
1.3491848E+05
1.2861362E+05
1.2253208E+05
1.1687853E+05
1.1142280E+05
1.0618050E+05
1.0116137E+05
9.6445221E+04
9.1944444E+04
8.7658898E+04
8.3529610E+04
7.9618345E+04
7.5917431E+04
7.2333916E+04
6.8958333E+04
6.5744174E+04
6.2657749E+04
5.9704185E+04
5.6911967E+04
5.4250437E+04
5.1718750E+04
4.9295075E+04
4.6981453E+04
4.4794298E+04
4.2683975E+04
4.0696721E+04
3.8789063E+04
3.6974978E+04
3.5242760E+04
3.3592693E+04
3.2015734E+04
3.0520039E+04
2.9089524E+04
2.7731233E+04
2.6432070E+04
2.5192815E+04
2.4013349E+04
2.2888623E+04
2.1818422E+04
2.0794941E+04
1.9821942E+04
1.8895570E+04
1.8010012E+04
1.7168050E+04
1.6364535E+04
1.5597512E+04
1.4867050E+04
1.4171138E+04
1.3507999E+04
1.2876037E+04
1.2277448E+04
1.1698869E+04
1.1152291E+04
1.0627140E+04
1.0132653E+04
9.6595331E+03
9.2012602E+03
8.7720848E+03
8.3642183E+03
7.9720617E+03
7.5963892E+03
7.2418320E+03
6.9035039E+03
6.5813892E+03
6.2721071E+03
5.9790462E+03
5.6990358E+03
5.4321663E+03
5.1783479E+03
4.9353877E+03
4.7034862E+03
4.4842847E+03
4.2742769E+03
4.0736790E+03
3.8825461E+03
3.7008050E+03
3.5282831E+03
3.3629098E+03
3.2057076E+03
3.0557607E+03
2.9123651E+03
2.7762246E+03
2.6460243E+03
2.5223532E+03
2.4041255E+03
2.2913975E+03
2.1841457E+03
2.0819356E+03
1.9844125E+03
1.8915727E+03
1.8030941E+03
1.7187067E+03
1.6381813E+03
1.5615172E+03
1.4884878E+03
1.4187336E+03
1.3522715E+03
1.2889408E+03
1.2289604E+03
1.1709906E+03
1.1162320E+03
1.0636247E+03
1.0140931E+03
9.6670561E+02
9.2149220E+02
8.7845011E+02
8.3698584E+02
7.9823151E+02
7.6056985E+02
7.2502921E+02
6.9111915E+02
6.5883758E+02
6.2784522E+02
5.9848120E+02
5.7042739E+02
5.4369251E+02
5.1826722E+02
4.9412818E+02
4.7088392E+02
4.4891501E+02
4.2786970E+02
4.0790338E+02
3.8874100E+02
3.7052239E+02
3.5322994E+02
3.3665582E+02
3.2090228E+02
3.0587728E+02
2.9157858E+02
2.7793327E+02
2.6488476E+02
2.5249186E+02
2.4069226E+02
2.2939383E+02
2.1868393E+02
2.0843829E+02
1.9866357E+02
1.8938816E+02
1.8051920E+02
1.7206127E+02
1.6401295E+02
1.5632872E+02
1.4900960E+02
1.4203570E+02
1.3538940E+02
1.2904148E+02
1.2301784E+02
1.1720963E+02
1.1172367E+02
1.0654506E+02
1.0157529E+02
9.6745910E+01
9.2286250E+01
8.7907220E+01
8.3811610E+01
7.9874520E+01
7.6150310E+01
7.2587720E+01
6.9188960E+01
6.5953770E+01
6.2848100E+01
5.9905890E+01
5.7121490E+01
5.4440790E+01
5.4203060E+01
5.1891720E+01
4.9471900E+01
4.7142040E+01
4.4940260E+01
4.2831260E+01
4.0830590E+01
4.0696720E+01
3.8922860E+01
3.7096530E+01
3.5363250E+01
3.3702140E+01
3.2123450E+01
3.0625460E+01
2.9192140E+01
2.7824480E+01
2.6522440E+01
2.5280040E+01
2.4097260E+01
2.2969100E+01
2.1891530E+01
2.0868360E+01
1.9888640E+01
1.8959070E+01
1.8070320E+01
1.7225230E+01
1.6418650E+01
1.5650610E+01
1.4917080E+01
1.4219840E+01
1.3610200E+01
1.2972930E+01
1.2363050E+01
1.1787750E+01
1.1233030E+01
1.0709660E+01
1.0207650E+01
1.0199260E+01
9.7276600E+00
9.2769100E+00
8.8408100E+00
8.4266800E+00
8.0339800E+00
7.6573100E+00
7.2971800E+00
