9.6370342E+05
1.207E-29
1.545E-29
1.960E-29
2.462E-29
3.057E-29
3.752E-29
4.557E-29
5.478E-29
6.518E-29
7.678E-29
8.954E-29
1.034E-28
1.181E-28
1.336E-28
1.496E-28
1.659E-28
1.821E-28
1.979E-28
2.128E-28
2.263E-28
2.377E-28
2.461E-28
2.504E-28
2.514E-28
2.514E-28
2.509E-28
2.497E-28
2.475E-28
2.441E-28
2.390E-28
2.316E-28
2.211E-28
2.066E-28
1.864E-28
1.588E-28
1.213E-28
7.057E-29
2.687E-30
3.325E-41
3.036E-41
2.746E-41
2.459E-41
2.175E-41
1.894E-41
1.616E-41
1.335E-41
1.047E-41
7.412E-42
4.002E-42
